Sample	1.0	2.0	3.0	4.0	5.0	6.0	7.0	8.0	9.0	>10	>50	>100	>500	>1k	>5k	>10k+
SRR17866817_1	25.093720597677986	9.2602208085249	5.145837419660166	3.6161785644391076	2.6409636486125065	2.0166676578553844	1.7229371731639156	1.3934958214374138	1.2091444700009562	14.629192054700182	5.07049936712161	12.614765369254446	5.352214697295983	8.691292165332008	1.2333543720436055	0.3095158128795819
SRR17866817_1_val_1	26.21575602922986	9.257412417803433	5.10088064875198	3.584124138746954	2.6301473875377117	1.9855813796549833	1.6977714412319636	1.3723915483226392	1.1940262419947083	14.449857574880006	5.016923103371776	12.4252533498433	5.217666412199749	8.358480731020494	1.227432672330773	0.26629492307992897
SRR17866817_2	29.49943710493813	9.657402897671865	5.354454261635707	3.5827232913607716	2.4925362689039976	1.995823543122742	1.6066725473846128	1.2631687180395292	1.1166661915381209	13.013358324664747	5.041745398726035	12.683576312055608	4.748062914933484	7.105760921821407	0.7184924604483857	0.12011884275466049
SRR17866817_2_val_2	30.70576544520012	9.625176148177477	5.2678433185383975	3.536653994507285	2.4773074783899545	1.9594750292708907	1.5574820715554862	1.255926356993883	1.1127035722433998	12.875837487367885	4.966674152167464	12.429723559946716	4.606454508260964	6.837628083080038	0.6664592240058742	0.1188895702941504
SRR17866818_1	23.42126278369452	8.629375324448144	4.7920053657546635	3.3794479656356278	2.5467991511328014	2.016834497711475	1.6431070127279388	1.4421938477420766	1.2097572931200606	16.292026412717316	5.925952829702053	12.851337335398652	4.894895382711395	8.785505339852168	1.8469472303332235	0.32255222731786004
SRR17866818_1_val_1	24.53557887440663	8.610646195995256	4.771147040501836	3.367441794013638	2.536151089381196	1.9863925454875375	1.664276095094031	1.4104633783186917	1.2159881083760935	16.111555822323368	5.850259058584372	12.61513799205769	4.825641566506124	8.42505345867599	1.7572471256127127	0.31701985466509974
SRR17866818_2	27.411172044881454	8.895974812753792	4.968540514241595	3.281475360481222	2.469512157390621	1.9480595867402046	1.6256502984037815	1.3636663961955149	1.2096456107997609	15.536637288593377	5.688831843142215	12.002536253822178	4.593702254608272	8.06798316078944	0.8581939248790567	0.07841849227745698
SRR17866818_2_val_2	28.730051302152106	8.794835808588664	4.94623057582749	3.1922762903927917	2.4456398315622683	1.9223417406524987	1.65334914180877	1.3429473142271053	1.1900835397947174	15.34041524256371	5.61493765246832	11.71923093789772	4.504106385684574	7.78036637204724	0.745680335291805	0.07750752904009432
SRR17866819_1	25.347794777167877	8.8257112118213	5.000708227728716	3.2858396042773013	2.580495531527686	2.0172027460171416	1.7003726991526544	1.396759986307202	1.3220405040389631	16.858089524786994	6.861659048489904	15.853207258690283	4.901892364472631	3.961672500731448	0.08655401479004199	0.0
SRR17866819_1_val_1	26.431105849590725	8.820553974261607	4.959231730338565	3.253466628527564	2.580253365633899	1.9852191137599773	1.7020327492548848	1.4175411932451296	1.2771267254719296	16.642963493740044	6.780297719136899	15.530379666450658	4.784190899506326	3.750299452915247	0.08533743816638846	0.0
SRR17866819_2	27.867012108288257	8.910245958383486	5.000304609198831	3.3716865310783053	2.459546288376309	1.9368272382895761	1.5891043644786667	1.3415104584961794	1.1761113722434373	16.41088016216033	7.318013704588912	15.955580259640314	4.07319927705817	2.4741948851981124	0.11578278252112019	0.0
SRR17866819_2_val_2	29.018547833084448	8.871709524152514	4.9229379528904085	3.3635571574491143	2.410671465288417	1.9250484692450234	1.5658105136021412	1.3489171684626216	1.1363927842683241	16.223630470200053	7.233064224844784	15.626829886836111	3.930325283787168	2.330011935904217	0.09254532998454808	0.0
SRR17866820_1	22.016260946468364	8.002625710015849	4.680644109760749	3.210647268231003	2.429392627264881	1.877385134235984	1.610272626165913	1.4082167508506098	1.1822686350583982	14.330014665337826	5.127778096577411	12.493924913075261	6.169692223764435	12.389925326173826	2.3514847163673633	0.7194662506523779
SRR17866820_1_val_1	23.142902082239917	8.027976707774815	4.631007683655043	3.19194973325249	2.4119937277170984	1.8567167521430097	1.599144099064662	1.3880861986116337	1.1868342791963495	14.20873282928215	5.072075465944599	12.310688442270404	6.049955854432345	12.033064255564382	2.2516835163299986	0.637188372520887
SRR17866820_2	24.741355473320013	8.217172837918802	4.815612567877045	3.1337774616522873	2.3115694219575604	1.8918995732849497	1.5006515687414195	1.256673023733796	1.0538080284003901	13.499752398247367	4.917022492153341	12.698924540986326	6.387121572978494	11.771890747463	1.4780445779664233	0.3247237133186562
SRR17866820_2_val_2	25.927132715106293	8.21605486885861	4.764034605693594	3.079246116193889	2.2775650956522497	1.867293265120416	1.4920601232500557	1.2537017925209948	1.0339785825050927	13.34934800190222	4.889973688580208	12.542055166021024	6.230895020299834	11.336779144250974	1.4542801580811164	0.2856016559634092
SRR17866821_1	22.578720926549305	7.428150936657573	4.600789722325879	3.2881984808485263	2.4588995272650433	1.9523025948622172	1.6415340978803916	1.4306485485029516	1.2711643433536153	16.40925173802125	6.188172809540961	15.651016733386399	6.163608042547891	7.818298512652479	0.9414720634431715	0.1777709221622817
SRR17866821_1_val_1	24.165015548870855	7.463028080459042	4.610745543782531	3.2546676939985932	2.4453781656502653	1.9671065109633492	1.6190157664665825	1.4265292275810482	1.2428930780238356	16.153889131678362	6.082666779559724	15.296051455100176	5.855420162110421	7.4763449970189395	0.7683251101344699	0.1729227486018174
SRR17866821_2	20.726015618866132	7.828372902786317	4.783489876626422	3.3477238617894387	2.5522808020283017	2.0123425684039153	1.6927825258576592	1.441053326537469	1.1929213087862727	16.40434809621423	6.678061916671582	17.283590204750475	5.865868280522761	7.318210917154716	0.7387414211818115	0.13419637182255234
SRR17866821_2_val_2	21.5638451165262	7.843276000659237	4.780149325282115	3.32808368699773	2.53687629359325	1.9929825617402734	1.6974403592785947	1.4345239563673522	1.1629756143505228	16.328595057177267	6.607008247702027	16.99201738275125	5.813492261230441	7.1171567495323815	0.6681564555504034	0.1334209312609757
SRR17866822_1	23.448548371862906	7.911488157655391	4.6420573601661035	3.1704376243354004	2.4595287151598524	1.9194121848153736	1.5987669829825129	1.4165688074924199	1.165638827821608	15.589970404425626	5.820538562137556	12.491936431942602	4.851203909968093	9.701376340453995	2.582496903226931	1.230030415553664
SRR17866822_1_val_1	24.82093497633366	7.9376078550809765	4.607346101040879	3.1504994159495885	2.4083948968838857	1.9224546827950157	1.5869845982134152	1.376632587210163	1.154037926580883	15.468179035822317	5.731421475067488	12.212521954668388	4.703954306949174	9.293852916870717	2.4637819359954856	1.1613953345381982
SRR17866822_2	23.04487472870063	8.14543130811699	4.8594644731429835	3.3347427407975396	2.4408127567447475	1.9347991686768495	1.6043375123496633	1.3676821174090934	1.199897607107496	15.485809926189962	5.93704022360796	12.40817545715205	5.280139551685701	10.748942604943137	1.5827313046176394	0.6251185187574999
SRR17866822_2_val_2	23.978888110594806	8.129325690817717	4.820387553984381	3.3018815325320463	2.3997014948265187	1.9463378654801164	1.562971572503393	1.3426586204735043	1.1972623684218606	15.371948937604394	5.851935578733777	12.273902616597429	5.169904001079937	10.584043482180835	1.4482664628630137	0.6205841113062311
SRR27320655_1	43.753237012587086	10.201726950828624	5.159835417782456	3.247715353487711	2.2597898528395657	1.6678609711037542	1.3716532106810615	1.1326349628489985	0.9254659551547254	11.95639344727946	4.104161530697504	9.059276381047866	2.873228545273994	2.1960505732959055	0.09096983509115196	0.0
SRR27320655_1_val_1	45.316525427252444	10.065137550793688	5.0395308499369715	3.1999156992000746	2.2225099747286237	1.6177595086937704	1.3759323436188207	1.1114389811783216	0.9168991670175158	11.65352165353371	3.9834114825875204	8.715826984449652	2.659644379139209	2.0316444170086534	0.09030158086083963	0.0
SRR27320655_2	48.45006633085262	9.747376685294276	4.752474256705756	2.8567052685201517	1.9217893437090467	1.4830697434990496	1.1532131460440675	0.9666366749950308	0.8732361312206088	10.630609340047698	3.8775549947352874	9.025166696649281	2.7340321971271564	1.4995829215343708	0.028486269065628653	0.0
SRR27320655_2_val_2	50.26960331221556	9.522892547746805	4.586027001287434	2.791670273524623	1.8353655007532146	1.445020701825545	1.122466655961063	0.9365823702961646	0.8603678793910838	10.319178329488667	3.758206095157525	8.642802794958902	2.5341084068902524	1.347753028532782	0.027955101970350636	0.0
SRR27320656_1	37.959569811161955	11.069052015408896	5.840746434087017	3.75420233415844	2.6564274711124836	1.9889298272444178	1.6994183916406749	1.4041481892947727	1.1617854992855372	13.419096893276173	4.4963468329454415	9.19651982717196	2.9202814735812836	2.3438066250779306	0.04830714745461305	0.041361227098419495
SRR27320656_1_val_1	39.39370185473089	10.925689128544782	5.758992870123966	3.6878565289043914	2.5780395290866673	1.9811416149393826	1.635440469851275	1.406059734096558	1.1103251466930535	13.147935238773364	4.412672769626564	8.913081287490845	2.7940868909935412	2.16598614509704	0.04791623675347485	0.041074554294253406
SRR27320656_2	44.88712132380337	11.214248942821252	5.356990638627881	3.297998404160376	2.207146564114596	1.6918474392301985	1.2641772895905456	1.1031364621699757	0.8903949867811518	11.552346413383258	4.01904976402779	8.33285122144365	2.594132912494701	1.5623237875558518	0.026233849795467817	0.0
SRR27320656_2_val_2	46.52579542608918	11.003314866139839	5.178998793681479	3.2364290311355273	2.1415233927836934	1.6270695623738567	1.2157095161622282	1.04925162914644	0.8869185695681655	11.274136760270604	3.896040752598061	8.05991562852624	2.4369548065911095	1.4420319381028783	0.02590932683069092	0.0
SRR27320657_1	28.91124683040195	8.576425549321137	4.345031733971401	2.801391456580863	2.02974270834727	1.5665696145699597	1.3286230739205847	1.0875043284639518	0.9087471843881056	11.763194115025774	4.577437838603432	12.115053250194492	6.128076561900313	11.441997332312102	1.861504228133339	0.5574541938654561
SRR27320657_1_val_1	30.245285028152267	8.546452372635187	4.2689228872861165	2.7862815620167978	2.0033828378980365	1.5833830115693652	1.3201706674582023	1.072462215631096	0.923711393223962	11.643859520722181	4.569995195019706	11.864882061809217	6.002899981036415	10.853896280493077	1.8408568573557806	0.47355812769246275
SRR27320657_2	34.85391603630787	8.571054682327613	4.1238029743638265	2.580358290435637	1.866416580165743	1.3816869197165078	1.1123198771327538	0.9382824194453481	0.7877887124421036	9.925925445365152	3.810957526289664	11.666744819193308	6.378276243518025	11.01484410031706	0.8881916074218026	0.09943376555757036
SRR27320657_2_val_2	36.55504674752129	8.455621418722954	4.011360078981945	2.525334344869838	1.8511911540305386	1.3336893936647656	1.093141873830287	0.9188791664132769	0.7516407094059253	9.835755949678171	3.78598508945061	11.43069986190531	6.192114476562492	10.34275748001869	0.8184737718976751	0.09830848304604062
SRR27320658_1	40.782899167949715	10.711176270626067	5.230714834969205	3.232992181675797	2.258479614225164	1.8091568113742906	1.3882505878025062	1.1719227627955229	0.9777507111552931	12.14512589920774	4.579122389601589	10.052838966289873	3.128422973450567	2.4090196162796023	0.12212721259713276	0.0
SRR27320658_1_val_1	42.472226426717555	10.556860575352134	5.13466228752136	3.1341843122996047	2.2485718871553795	1.746744496094088	1.3620671460205653	1.136990100357957	0.9573847038541684	11.881334184538163	4.43262391957837	9.721133423885552	2.9029994247277013	2.19116753461255	0.12104957728487628	0.0
SRR27320658_2	46.576811849150204	10.363594681643791	4.784912210022475	2.8422081599376168	1.9735012298108356	1.4909007927797118	1.1753950048372797	0.9821571307826803	0.8669201791411806	10.926475266519112	4.186239822890894	9.547616176011603	2.512314705309001	1.7205477522856685	0.0504050388778418	0.0
SRR27320658_2_val_2	48.46475993023006	10.159164392245843	4.655355240605436	2.7439094777660813	1.8895323681044511	1.4536140703528946	1.123011238894907	1.00950653463816	0.8360756926301413	10.628191471141296	4.067625282087274	9.101374440728325	2.3195083765617057	1.5182219752921924	0.030149508721218802	0.0
SRR27320659_1	36.339659700498295	10.744548127092168	5.191456949477674	3.14225741465778	2.343490827475353	1.8312172180896888	1.48174838243242	1.1918548248000271	1.0394799919169693	13.36649982649402	4.789063827450125	11.066823282738302	4.077990170484549	3.3415281587493526	0.05238129764308494	0.0
SRR27320659_1_val_1	38.100923888408275	10.544029534682027	5.071187470634107	3.110431850031196	2.2942172720674012	1.8043368923700738	1.4369547854598694	1.1892835333316405	1.0294557832520776	13.105683032079252	4.6327954785408725	10.772694697054906	3.8105932221337513	3.0453667584997515	0.05204580145501268	0.0
SRR27320659_2	41.407966656627856	10.192116991286124	4.958066254060666	3.0706195114629793	2.126102715943814	1.6072001431741927	1.2630411561250727	1.0911320355078642	0.9532897974217974	11.592655900638674	4.420932957676736	11.562620733738479	3.688829833971506	2.022393709299843	0.043031603064177	0.0
SRR27320659_2_val_2	43.19292778287448	9.994081635261383	4.80315791771465	3.0041230732646067	2.045863573937002	1.593904724403434	1.2207848908869259	1.0872132827601746	0.922602948258243	11.333194542797456	4.359762102420498	11.19116989935618	3.4318743379280257	1.7972300969171735	0.022109191219873484	0.0
SRR27320660_1	43.33398603320956	10.357786258682086	4.949155699245991	3.1262005664169186	2.1544815462591975	1.6111067041699196	1.2771325612249096	1.0528770668488259	0.9022791878553044	12.039619481453787	4.817049067978489	10.343173271572798	2.446865177304435	1.5099288175480705	0.07835856022995165	0.0
SRR27320660_1_val_1	44.689615611697356	10.209738718822257	4.90017562385007	3.091916517725651	2.072095230123008	1.5995523594754837	1.2648151608382199	1.062591574218052	0.8638474398975091	11.823611263109731	4.652255566219117	9.989084001785677	2.3126685094401465	1.3901167075737468	0.07791571522428613	0.0
SRR27320660_2	48.82891447467826	9.820038478076958	4.349000972787149	2.6177175457785076	1.7875756283050812	1.3255942777346117	1.0348642002610722	0.8784132664594192	0.7821769418728722	11.287793026885547	4.718992250459011	9.651018324439702	2.1018662524075604	0.7871417899090458	0.0288925699452537	0.0
SRR27320660_2_val_2	50.26677269624765	9.540831481949317	4.258024831625509	2.580459327069304	1.7559646642146407	1.2713021252266266	1.0505094364244099	0.8708258540864439	0.7590391605082811	11.042959091212296	4.640700497820202	9.243892026578864	1.9898690930784984	0.7001487343308851	0.028700979627346097	0.0
